01110 //0
10001
10011
10101
11001
10001
10001
01110
00100 //1
01100
00100
00100
00100
00100
00100
01110
01110 //2
10001
00001
00010
00100
01000
10000
11111
01110 //3
10001
00001
01110
00001
00001
10001
01110
10001 //4
10001
10001
01111
00001
00001
00001
00001
11111 //5
10000
10000
11110
00001
00001
00001
11110
00010 //6
00100
01000
10000
11110
10001
10001
01110
11111 //7
00001
00001
00010
00100
01000
01000
01000
01110 //8
10001
10001
01110
10001
10001
10001
01110
01110 //9
10001
10001
01111
00001
00010
00100
01000
10001 //N
10001
11001
10101
10011
10001
10001
10001
00000 //a
00000
00000
01110
00001
01111
10001
01111
00000 //-
00000
00000
01110
00000
00000
00000
00000